"","input1","input2","x1","x2","x3","outputA","outputB","outputC"
"1",3.22972281370312,4.27665912965313,1.8725502359772,20,5,6.10589149244308,-23.9356967992839,5.3549413046559
"2",-2.44650489650667,5.5631647107657,2.24961111686173,12,3,-9.29695371628064,-14.9266559114697,9.77058253845297
"3",8.10222915839404,9.76845399942249,1.727432038551,13,7,17.6663594552582,-136.842290844389,87.5759732955891
"4",-9.2587076453492,4.5077934556175,1.18616451788694,14,7,-42.2684375666462,-182.684307226242,-5.21731649857556
"5",-0.762193547561765,6.53037350112572,3.3569457119513,18,1,-9.64762114955056,-13.9507013625601,8.88249910627829
"6",6.2913724873215,8.92457571253181,6.01078295674095,16,4,1.28898112589786,-112.791003711482,38.0068875487414
"7",-6.44326636567712,4.60509168333374,1.46356198390448,11,4,-20.154870062373,-81.7106818190917,8.60864969798553
"8",-5.88759855367243,0.573705574497581,4.60132870433352,14,3,-25.3683479635534,-87.4385005782816,-0.556718154222819
"9",5.2794794132933,8.37261241604574,0.772913427092135,12,2,16.1778906114356,-50.4980070875884,40.4836476676541
"10",-6.41630459111184,8.02218196657486,3.06457821255309,11,3,-30.6997134935482,-98.0470417822708,21.5458512029258
"11",-5.91646999586374,3.64830060745589,4.14094299806242,12,7,-17.2651172620148,-78.0887136905849,8.7381494576004
"12",-9.94579027406871,9.29644765844569,1.14541724976152,14,1,-37.2602724143195,-201.842058942679,62.4566735014785
"13",-1.17532304488122,5.1455894196406,0.200909387340225,15,3,-13.8877410310245,-5.92817796539947,0.178012093757345
"14",5.01073717139661,-0.879424475831911,0.601560722105205,11,6,16.1746662211149,-43.4787621831273,8.19681313054957
"15",-7.03188035171479,5.80294725904241,0.247059847228229,10,5,-15.6060023832192,-86.3932832786528,18.072555889049
"16",1.80390756111592,6.43860505521297,0.865927089042138,8,4,-9.71324232995746,-17.0968383475762,0.548911837176007
"17",-3.87591783422977,8.86432829732075,3.06558815000539,11,2,-14.325847626182,-37.005924838915,50.9064977274783
"18",7.63019234873354,4.72946445946582,1.15039127320051,9,5,28.9705770504711,-106.961235645875,15.7328376124452
"19",9.49113572016358,6.57637269096449,0.553208624944091,19,4,11.1435588585848,-191.705997318813,-0.786836901599516
"20",-0.827921493910253,3.5079236801248,0.242434618063271,13,4,-0.832820357501523,7.31029765181898,9.78854587094381
"21",3.97429509554058,8.97957207961008,1.99604934631827,9,7,-2.48370127593593,-45.9808269607066,43.0735526811377
"22",2.2889161715284,8.45184468501247,5.286119620995,12,6,-4.20405196571037,-34.693553444844,30.944573476489
"23",8.05348824243993,6.63341575488448,0.228342613205314,10,7,22.834224754432,-123.956956167945,15.6016536698493
"24",1.13088143523782,5.28645432041958,2.54102478167954,13,6,-11.1360135885119,-19.2505426620747,-3.6258127381308
"25",-8.90078773722053,8.48075053608045,3.80916128663306,14,6,-38.6641000320863,-177.646426653068,30.7622809808747
"26",-7.60043929331005,5.4366626359988,0.846071425825357,16,6,-38.0795436537393,-126.195866379693,-3.94712259702245
"27",8.9187140064314,7.20200476748869,1.10893778782338,14,2,23.8926254398083,-158.386186787811,18.860268311119
"28",6.22707258909941,3.0559156271629,1.14704978000373,13,5,0.575863029083655,-92.2464199180559,-10.2737398266602
"29",0.913568655960262,6.33335430989973,0.011018767952919,11,2,-1.87708203131069,1.66892155069077,10.4458239629745
"30",3.08417295571417,9.81756495800801,0.685560670681298,14,4,3.54099340649411,-19.4780137848909,91.5248280023195
